
R1 = 0;
R2 = 0;
T1 = 0;
T2=0;
G=0;
H1=0;
H2=0;
H3=0;
H4=0;
H5=0;
A1=0;
A2=0;
A3=0;
D=0;
I=0;
a1 = 0;
a2 = 0;
b1 = 0;
b2 = 0;
c1 = 0;
c2 = 0;
d1 = 0;
d2 = 0;
d3 = 0;
d4 = 0;
f1 = 0;
f2 = 0;


% Create lower bounds (lb) and upper bounds (ub)

lb = [-1.4142 -1.4142 -1.4142 -1.4142 -1.1068 -1.0046 -1.3208 -1.0046 -1.0046 -1.0846 -3.2533 -2.8284 -3.2769 -1.0000 -0.7071 -0.3536 -0.5851 -0.3774 -0.3536 -0.3774 -0.3536 -0.3634 -0.3536 -0.3536 -0.4002 -0.5000 -0.6625]; 
ub = [1.4142 1.4142 1.4142 1.4142 1 1 1 1.0509 1.0006 1.1017 2.8284 2.9713 2.8284 1 0.7768 0.3536 0.3536 0.3536 0.3562 0.3536 0.3562 0.3536 0.3712 0.4410 0.3536 0.5000 0.5000];

% Parameter ranges of priors leading to good fits using DCM. 
paramsvec=[R1;R2;T1;T2;G;H1;H2;H3;H4;H5;A1;A2;A3;D;I;a1;a2;b1;b2;c1;c2;d1;d2;d3;d4;f1;f2];



